979
2744
5409
1364
4948
4994
5089
703
1994
4637
2228
4004
1088
2812
170
5179
2614
238
4523
4849
3592
3258
1951
3440
3977
1247
4076
1824
4759
4855
5430
347
974
5180
5159
3074
4462
3600
5824
1490
1941
4744
855
4940
1442
792
609
254
2203
2343
2550
1955
5513
4725
2935
4024
4979
5765
625
2888
924
5989
4119
1572
176
2773
3800
200
3389
4245
3849
3170
4773
2344
1413
292
2603
4694
5579
4012
5584
5352
3293
5516
1008
5395
545
3340
4967
2050
870
2462
2606
4850
4731
450
4052
1279
2506
3937
396
222
3928
2557
3070
444
2599
3462
2418
1180
3290
2046
493
2708
3650
973
57
1846
3300
265
3572
3543
4439
1807
2901
1199
2001
4784
1579
1227
1482
5656
1116
5047
774
3544
3369
1313
984
5002
2889
3439
1860
4113
3522
5652
4101
2226
5552
3570
3368
5275
1650
755
3589
5262
2335
1678
2721
4746
1629
4664
5018
5296
3222
2666
3766
4294
5303
1876
4891
2543
4493
4197
3753
4652
5379
3880
3433
4318
4140
1329
4078
5542
3251
4669
1528
2247
3082
1170
4298
4541
4858
3294
1468
4383
2092
2859
5258